λ> main
888888888888888888888888888888884444
888888888888888888888888888888884444
888888888888888888888888888888884444
888888888888888888888888888888884444
888888888888888888888888888888884444
888888888888888888888888888888884444
888888888888888888888888888888884444
888888888888888888888888888888884444
888888888888888888888888888888884444
888888888888888888888888888888884444
888888888888888888888888888888884444
888888888888888888888888888888884444
888888888888888888888888888888884444
888888888888888888888888888888884444
888888888888888888888888888888884444
888888888888888888888888888888884444
777777777777777777777777777733355555
777777777777777777777777777733355555
777777777777777777777777777733355555
777777777777777777777777777733355555
777777777777777777777777777733355555
777777777777777777777777777733355555
777777777777777777777777777733355555
777777777777776666666666662233355555
777777777777776666666666662233355555
777777777777776666666666665555555555
777777777777776666666666665555555555
777777777777776666666666665555555555
777777777777776666666666665555555555
777777777777776666666666665555555555
666666666666226666666666665555555555
66666666666622666666666666555551----
666666666666--66666666666655555-----
666666666666--66666666666655555-----
666666666666--66666666666655555-----
666666666666------------------------
