888888888888888888888888888888884444
888888888888888888888888888888884444
888888888888888888888888888888884444
888888888888888888888888888888884444
888888888888888888888888888888884444
888888888888888888888888888888884444
888888888888888888888888888888884444
888888888888888888888888888888884444
888888888888888888888888666666666666
888888888888888888888888666666666666
888888888888888888888888666666666666
888888888888888888888888666666666666
888888888888888888888888666666666666
888888888888888888888888666666666666
888888888888888888888888555557777777
888888888888888888888888555557777777
666666333888888887777777555557777777
666666333888888887777777555557777777
666666333888888887777777555557777777
666666333888888887777777555557777777
666666333888888887777777555557777777
666666333888888887777777555557777777
777777722888888887777777555557777777
777777722888888881666666555557777777
777777766666655555666666555557777777
777777766666655555666666555557777777
777777766666655555666666555557777777
777777766666655555666666555557777777
777777766666655555666666555553334444
777777766666677777777777777223334444
777777766666677777777777777223334444
777777766666677777777777777555554444
777777766666677777777777777555554444
777777766666677777777777777555554444
777777766666677777777777777555554444
777777766666677777777777777555554444
