888888888888888888888888888888884444
888888888888888888888888888888884444
888888888888888888888888888888884444
888888888888888888888888888888884444
888888888888888888888888888888884444
888888888888888888888888888888884444
888888888888888888888888888888884444
888888888888888888888888888888884444
888888888888888888888888777777755555
888888888888888888888888777777755555
888888888888888888888888777777755555
888888888888888888888888777777755555
888888888888888888888888777777755555
888888888888888888888888777777755555
888888888888888888888888777777755555
888888888888888888888888777777755555
888888886666663337777777777777755555
888888886666663337777777777777755555
888888886666663337777777777777755555
888888886666663337777777777777755555
888888886666663337777777777777755555
888888886666663337777777777777755555
888888882277777777777777444433355555
888888882277777777777777444433322777
777766666677777777777777444433322777
777766666677777777777777444455555777
777766666677777777777777444455555777
777766666677777777777777444455555777
777766666677777777777777444455555777
777766666677777777777777444455555777
777766666677777776666666666666666665
555566666677777776666666666666666665
555566666677777776666666666666666665
555566666677777776666666666666666665
555566666677777776666666666666666665
555566666677777776666666666666666661
