Solution for N = 8

Solution #1 is Configuration #9,424,954 found in 0.05 minutes
7 7 7 7 7 7 7 7 7 7 7 7 7 7 7 7 7 7 7 7 7 7 7 7 7 7 7 7 8 8 8 8 8 8 8 8 
7 7 7 7 7 7 7 7 7 7 7 7 7 7 7 7 7 7 7 7 7 7 7 7 7 7 7 7 8 8 8 8 8 8 8 8 
7 7 7 7 7 7 7 7 7 7 7 7 7 7 7 7 7 7 7 7 7 7 7 7 7 7 7 7 8 8 8 8 8 8 8 8 
7 7 7 7 7 7 7 7 7 7 7 7 7 7 7 7 7 7 7 7 7 7 7 7 7 7 7 7 8 8 8 8 8 8 8 8 
7 7 7 7 7 7 7 7 7 7 7 7 7 7 7 7 7 7 7 7 7 7 7 7 7 7 7 7 8 8 8 8 8 8 8 8 
7 7 7 7 7 7 7 7 7 7 7 7 7 7 7 7 7 7 7 7 7 7 7 7 7 7 7 7 8 8 8 8 8 8 8 8 
7 7 7 7 7 7 7 7 7 7 7 7 7 7 7 7 7 7 7 7 7 7 7 7 7 7 7 7 8 8 8 8 8 8 8 8 
8 8 8 8 8 8 8 8 8 8 8 8 8 8 8 8 6 6 6 6 6 6 6 6 6 6 6 6 8 8 8 8 8 8 8 8 
8 8 8 8 8 8 8 8 8 8 8 8 8 8 8 8 6 6 6 6 6 6 6 6 6 6 6 6 8 8 8 8 8 8 8 8 
8 8 8 8 8 8 8 8 8 8 8 8 8 8 8 8 6 6 6 6 6 6 6 6 6 6 6 6 8 8 8 8 8 8 8 8 
8 8 8 8 8 8 8 8 8 8 8 8 8 8 8 8 6 6 6 6 6 6 6 6 6 6 6 6 8 8 8 8 8 8 8 8 
8 8 8 8 8 8 8 8 8 8 8 8 8 8 8 8 6 6 6 6 6 6 6 6 6 6 6 6 8 8 8 8 8 8 8 8 
8 8 8 8 8 8 8 8 8 8 8 8 8 8 8 8 6 6 6 6 6 6 6 6 6 6 6 6 8 8 8 8 8 8 8 8 
8 8 8 8 8 8 8 8 8 8 8 8 8 8 8 8 4 4 4 4 8 8 8 8 8 8 8 8 8 8 8 8 8 8 8 8 
8 8 8 8 8 8 8 8 8 8 8 8 8 8 8 8 4 4 4 4 8 8 8 8 8 8 8 8 8 8 8 8 8 8 8 8 
5 5 5 5 5 5 5 5 5 5 6 6 6 6 6 6 4 4 4 4 8 8 8 8 8 8 8 8 8 8 8 8 8 8 8 8 
5 5 5 5 5 5 5 5 5 5 6 6 6 6 6 6 4 4 4 4 8 8 8 8 8 8 8 8 8 8 8 8 8 8 8 8 
5 5 5 5 5 5 5 5 5 5 6 6 6 6 6 6 4 4 4 4 8 8 8 8 8 8 8 8 8 8 8 8 8 8 8 8 
5 5 5 5 5 5 5 5 5 5 6 6 6 6 6 6 4 4 4 4 8 8 8 8 8 8 8 8 8 8 8 8 8 8 8 8 
5 5 5 5 5 5 5 5 5 5 6 6 6 6 6 6 4 4 4 4 8 8 8 8 8 8 8 8 8 8 8 8 8 8 8 8 
3 3 3 6 6 6 6 6 6 1 6 6 6 6 6 6 4 4 4 4 8 8 8 8 8 8 8 8 8 8 8 8 8 8 8 8 
3 3 3 6 6 6 6 6 6 8 8 8 8 8 8 8 8 8 8 8 8 8 8 8 8 3 3 3 8 8 8 8 8 8 8 8 
3 3 3 6 6 6 6 6 6 8 8 8 8 8 8 8 8 8 8 8 8 8 8 8 8 3 3 3 8 8 8 8 8 8 8 8 
3 3 3 6 6 6 6 6 6 8 8 8 8 8 8 8 8 8 8 8 8 8 8 8 8 3 3 3 8 8 8 8 8 8 8 8 
3 3 3 6 6 6 6 6 6 8 8 8 8 8 8 8 8 8 8 8 8 8 8 8 8 5 5 5 5 5 6 6 6 6 6 6 
3 3 3 6 6 6 6 6 6 8 8 8 8 8 8 8 8 8 8 8 8 8 8 8 8 5 5 5 5 5 6 6 6 6 6 6 
4 4 4 4 5 5 5 5 5 8 8 8 8 8 8 8 8 8 8 8 8 8 8 8 8 5 5 5 5 5 6 6 6 6 6 6 
4 4 4 4 5 5 5 5 5 8 8 8 8 8 8 8 8 8 8 8 8 8 8 8 8 5 5 5 5 5 6 6 6 6 6 6 
4 4 4 4 5 5 5 5 5 8 8 8 8 8 8 8 8 8 8 8 8 8 8 8 8 5 5 5 5 5 6 6 6 6 6 6 
4 4 4 4 5 5 5 5 5 7 7 7 7 7 7 7 7 7 7 7 7 7 7 7 7 7 7 7 7 7 6 6 6 6 6 6 
4 4 4 4 5 5 5 5 5 7 7 7 7 7 7 7 7 7 7 7 7 7 7 7 7 7 7 7 7 7 6 6 6 6 6 6 
4 4 4 4 5 5 5 5 5 7 7 7 7 7 7 7 7 7 7 7 7 7 7 7 7 7 7 7 7 7 6 6 6 6 6 6 
4 4 4 4 5 5 5 5 5 7 7 7 7 7 7 7 7 7 7 7 7 7 7 7 7 7 7 7 7 7 6 6 6 6 6 6 
4 4 4 4 5 5 5 5 5 7 7 7 7 7 7 7 7 7 7 7 7 7 7 7 7 7 7 7 7 7 6 6 6 6 6 6 
2 2 2 2 5 5 5 5 5 7 7 7 7 7 7 7 7 7 7 7 7 7 7 7 7 7 7 7 7 7 6 6 6 6 6 6 
2 2 2 2 5 5 5 5 5 7 7 7 7 7 7 7 7 7 7 7 7 7 7 7 7 7 7 7 7 7 6 6 6 6 6 6 

Tried 24,079,146,150 configurations in 129.24 minutes
